     0
1.212121e-04
2.424242e-04
3.636364e-04
4.848485e-04
6.060606e-04
7.272727e-04
8.484848e-04
9.696970e-04
1.090909e-03
1.212121e-03
1.333333e-03
1.454545e-03
1.575758e-03
1.696970e-03
1.818182e-03
1.939394e-03
2.060606e-03
2.181818e-03
2.303030e-03
2.424242e-03
2.545455e-03
2.666667e-03
2.787879e-03
2.909091e-03
3.030303e-03
3.151515e-03
3.272727e-03
3.393939e-03
3.515152e-03
3.636364e-03
3.757576e-03
3.878788e-03
4.000000e-03
4.121212e-03
4.242424e-03
4.363636e-03
4.484848e-03
4.606061e-03
4.727273e-03
4.848485e-03
4.969697e-03
5.090909e-03
5.212121e-03
5.333333e-03
5.454545e-03
5.575758e-03
5.696970e-03
5.818182e-03
5.939394e-03
6.060606e-03
6.181818e-03
6.303030e-03
6.424242e-03
6.545455e-03
6.666667e-03
6.787879e-03
6.909091e-03
7.030303e-03
7.151515e-03
7.272727e-03
7.393939e-03
7.515152e-03
7.636364e-03
7.757576e-03
7.878788e-03
8.000000e-03
8.121212e-03
8.242424e-03
8.363636e-03
8.484848e-03
8.606061e-03
8.727273e-03
8.848485e-03
8.969697e-03
9.090909e-03
9.212121e-03
9.333333e-03
9.454545e-03
9.575758e-03
9.696970e-03
9.818182e-03
9.939394e-03
1.006061e-02
1.018182e-02
1.030303e-02
1.042424e-02
1.054545e-02
1.066667e-02
1.078788e-02
1.090909e-02
1.103030e-02
1.115152e-02
1.127273e-02
1.139394e-02
1.151515e-02
1.163636e-02
1.175758e-02
1.187879e-02
1.200000e-02
