     0
2.435513e-03
3.107176e-03
3.566487e-03
3.919765e-03
4.206266e-03
4.445510e-03
4.648830e-03
4.823469e-03
4.974375e-03
5.105093e-03
5.218258e-03
5.315884e-03
5.399541e-03
5.470480e-03
5.529703e-03
5.578029e-03
5.616123e-03
5.644533e-03
5.663706e-03
5.674007e-03
5.675727e-03
5.669099e-03
5.654296e-03
5.631442e-03
5.600614e-03
5.561841e-03
5.515108e-03
5.460355e-03
5.397474e-03
5.326305e-03
5.246636e-03
5.158190e-03
5.060623e-03
4.953505e-03
4.836309e-03
4.708390e-03
4.568951e-03
4.417003e-03
4.251309e-03
4.070296e-03
3.871920e-03
3.653465e-03
3.411194e-03
3.139723e-03
2.830810e-03
2.470626e-03
2.032344e-03
1.447146e-03
     0
