     0
4.126228e-05
8.252457e-05
1.237868e-04
1.650491e-04
2.063114e-04
2.475737e-04
2.888360e-04
3.300983e-04
3.713605e-04
4.126228e-04
4.538851e-04
4.951474e-04
5.364097e-04
5.776720e-04
6.189342e-04
6.601965e-04
7.014588e-04
7.427211e-04
7.839834e-04
8.252457e-04
8.665079e-04
9.077702e-04
9.490325e-04
9.902948e-04
1.031557e-03
1.072819e-03
1.114947e-03
1.159840e-03
1.201917e-03
1.235193e-03
1.265591e-03
1.295398e-03
1.322416e-03
1.344446e-03
1.359290e-03
1.364750e-03
1.361947e-03
1.352403e-03
1.335605e-03
1.310506e-03
1.276079e-03
1.230786e-03
1.172810e-03
1.099406e-03
1.006782e-03
8.886832e-04
7.337942e-04
5.142008e-04
     0
