     0
1.891885e-03
2.426721e-03
2.801041e-03
3.096300e-03
3.342468e-03
3.554410e-03
3.740740e-03
3.906960e-03
4.056830e-03
4.193049e-03
4.317631e-03
4.432122e-03
4.537741e-03
4.635465e-03
4.726095e-03
4.810294e-03
4.888617e-03
4.961536e-03
5.029456e-03
5.092725e-03
5.151646e-03
5.206484e-03
5.257474e-03
5.304822e-03
5.348711e-03
5.389306e-03
5.426751e-03
5.461180e-03
5.492710e-03
5.521449e-03
5.547492e-03
5.570928e-03
5.591835e-03
5.610284e-03
5.626342e-03
5.640067e-03
5.651512e-03
5.660725e-03
5.667750e-03
5.672626e-03
5.675388e-03
5.676067e-03
5.674691e-03
5.671284e-03
5.665866e-03
5.658457e-03
5.649070e-03
5.637717e-03
5.624408e-03
5.609149e-03
5.591944e-03
5.572793e-03
5.551695e-03
5.528646e-03
5.503637e-03
5.476660e-03
5.447701e-03
5.416744e-03
5.383770e-03
5.348758e-03
5.311682e-03
5.272512e-03
5.231217e-03
5.187758e-03
5.142096e-03
5.094183e-03
5.043970e-03
4.991400e-03
4.936410e-03
4.878931e-03
4.818887e-03
4.756194e-03
4.690756e-03
4.622471e-03
4.551221e-03
4.476878e-03
4.399297e-03
4.318315e-03
4.233751e-03
4.145395e-03
4.053014e-03
3.956337e-03
3.855055e-03
3.748806e-03
3.637170e-03
3.519646e-03
3.395638e-03
3.264422e-03
3.125106e-03
2.976569e-03
2.817373e-03
2.645613e-03
2.458684e-03
2.252839e-03
2.022350e-03
1.757602e-03
1.439914e-03
1.021252e-03
     0
