     0
2.448980e-04
4.897959e-04
7.346939e-04
9.795918e-04
1.224490e-03
1.469388e-03
1.714286e-03
1.959184e-03
2.204082e-03
2.448980e-03
2.693878e-03
2.938776e-03
3.183673e-03
3.428571e-03
3.673469e-03
3.918367e-03
4.163265e-03
4.408163e-03
4.653061e-03
4.897959e-03
5.142857e-03
5.387755e-03
5.632653e-03
5.877551e-03
6.122449e-03
6.367347e-03
6.612245e-03
6.857143e-03
7.102041e-03
7.346939e-03
7.591837e-03
7.836735e-03
8.081633e-03
8.326531e-03
8.571429e-03
8.816327e-03
9.061224e-03
9.306122e-03
9.551020e-03
9.795918e-03
1.004082e-02
1.028571e-02
1.053061e-02
1.077551e-02
1.102041e-02
1.126531e-02
1.151020e-02
1.175510e-02
1.200000e-02
