     0
2.042275e-05
4.084549e-05
6.126824e-05
8.169098e-05
1.021137e-04
1.225365e-04
1.429592e-04
1.633820e-04
1.838047e-04
2.042275e-04
2.246502e-04
2.450730e-04
2.654957e-04
2.859184e-04
3.063412e-04
3.267639e-04
3.471867e-04
3.676094e-04
3.880322e-04
4.084549e-04
4.288777e-04
4.493004e-04
4.697232e-04
4.901459e-04
5.105686e-04
5.309914e-04
5.514141e-04
5.718369e-04
5.922596e-04
6.126824e-04
6.331051e-04
6.535279e-04
6.739506e-04
6.943734e-04
7.147961e-04
7.352189e-04
7.556416e-04
7.760643e-04
7.964871e-04
8.169098e-04
8.373326e-04
8.577553e-04
8.781781e-04
8.986008e-04
9.190236e-04
9.394463e-04
9.598691e-04
9.802918e-04
1.000715e-03
1.021137e-03
1.041560e-03
1.061983e-03
1.082406e-03
1.103061e-03
1.124837e-03
1.147150e-03
1.169218e-03
1.190262e-03
1.209502e-03
1.226157e-03
1.240970e-03
1.256033e-03
1.271119e-03
1.285963e-03
1.300297e-03
1.313856e-03
1.326372e-03
1.337579e-03
1.347211e-03
1.355001e-03
1.360682e-03
1.363989e-03
1.364688e-03
1.363645e-03
1.361112e-03
1.356913e-03
1.350946e-03
1.343132e-03
1.333448e-03
1.321725e-03
1.307796e-03
1.291543e-03
1.272837e-03
1.251450e-03
1.227134e-03
1.199695e-03
1.168828e-03
1.134148e-03
1.095228e-03
1.051593e-03
1.002558e-03
9.472548e-04
8.846072e-04
8.130403e-04
7.301634e-04
6.323680e-04
5.114596e-04
3.609958e-04
     0
